Strain Stress(GPa)
-8.29273409445386e-16 -0.249054730872766
0.000499999999999068 -0.151251788929953
0.000999999999999131 -0.0340348023772668
0.00149999999999903 0.0440646644662929
0.00199999999999909 0.164889790728779
0.00249999999999916 0.26527952743248
0.00299999999999905 0.380844533462219
0.00349999999999912 0.507522758242185
0.00399999999999901 0.612082000569523
0.00449999999999908 0.717790944743929
0.00499999999999914 0.78903379802436
0.00549999999999904 0.927768665966766
0.0059999999999991 1.04508344555132
0.00649999999999916 1.17667028847503
0.00699999999999906 1.29409378020114
0.00749999999999912 1.37650188238143
0.00799999999999902 1.47791395209368
0.00849999999999908 1.59155995114034
0.00899999999999915 1.70622632266524
0.00949999999999905 1.83887333001774
0.00999999999999911 1.91674952618926
0.010499999999999 2.03411968952551
0.0109999999999991 2.15454426166611
0.0114999999999991 2.24256515969829
0.011999999999999 2.38293662130298
0.0124999999999991 2.50217644170581
0.0129999999999992 2.60435076255029
0.0134999999999991 2.72173626921467
0.0139999999999991 2.81534753608367
0.014499999999999 2.90894008220218
0.0149999999999991 2.99394233021057
0.0154999999999991 3.09708890279275
0.015999999999999 3.24688915406545
0.0164999999999991 3.35125973120255
0.016999999999999 3.46691329792785
0.0174999999999991 3.57033581660065
0.0179999999999991 3.66347136018278
0.018499999999999 3.78943473382668
0.0189999999999991 3.87180860408936
0.0194999999999991 3.98269568770809
0.019999999999999 4.07501786941093
0.0204999999999991 4.17907081853481
0.020999999999999 4.30022249572102
0.0214999999999991 4.43770966411965
0.021999999999999 4.53556864281814
0.022499999999999 4.63658353986023
0.0229999999999991 4.70772015463108
0.023499999999999 4.83384067085936
0.0239999999999991 4.95566391922589
0.0244999999999991 5.06363973840967
0.024999999999999 5.16029320200912
0.0254999999999991 5.28698972860021
0.0259999999999991 5.37941268355802
0.026499999999999 5.45100137598833
0.0269999999999991 5.57609386381596
0.027499999999999 5.68131654132001
0.0279999999999991 5.77301454416256
0.028499999999999 5.90730963436576
0.028999999999999 6.01721193714338
0.0294999999999991 6.06124953949975
0.029999999999999 6.1887183871436
0.030499999999999 6.2768359371489
0.0309999999999991 6.38790456650371
0.031499999999999 6.5627011659951
0.0319999999999991 6.60986067017768
0.0324999999999991 6.68701764134445
0.032999999999999 6.77563886647019
0.0334999999999991 6.86379019452741
0.033999999999999 6.97906037596635
0.0344999999999991 7.10168445329222
0.034999999999999 7.17458430023779
0.035499999999999 7.28513134319654
0.0359999999999991 7.37200586846177
0.036499999999999 7.44343858027663
0.036999999999999 7.54485044959144
0.0374999999999991 7.64860968802752
0.037999999999999 7.75592728014175
0.0384999999999991 7.87967555049084
0.0389999999999991 7.98463013112756
0.039499999999999 8.05254401108218
0.0399999999999991 8.16611024076562
0.040499999999999 8.22691357188646
0.0409999999999991 8.31705522079579
0.0414999999999989 8.44101558050593
0.041999999999999 8.53606001786716
0.0424999999999991 8.6496552131162
0.042999999999999 8.71017778061877
0.043499999999999 8.82925192130554
0.0439999999999991 8.87360416158345
0.044499999999999 8.91571874659809
0.0449999999999991 9.04661656162446
0.0454999999999991 9.16549962819276
0.045999999999999 9.22985871018376
0.0464999999999991 9.34475407004463
0.046999999999999 9.38683433352925
0.047499999999999 9.44697301079188
0.0479999999999989 9.56428596913631
0.048499999999999 9.67586242147847
0.0489999999999991 9.7337998469554
0.049499999999999 9.80276695974498
0.049999999999999 9.8780391969562
0.0504999999999991 10.0349310587828
0.050999999999999 10.079642835271
0.0514999999999991 10.1499317159485
0.0519999999999991 10.2038901216576
0.052499999999999 10.2767850475489
0.0529999999999991 10.3672879829826
0.053499999999999 10.4220045920454
0.053999999999999 10.608107795339
0.0544999999999989 10.6510159757347
0.054999999999999 10.7098424010762
0.0554999999999991 10.779614216528
0.055999999999999 10.8547509794398
0.056499999999999 10.88398409582
0.0569999999999991 10.9830090494071
0.057499999999999 11.004482336431
0.057999999999999 11.1126952774096
0.0584999999999991 11.1956766992327
0.058999999999999 11.2909338431175
0.0594999999999991 11.339296493734
0.059999999999999 11.3763015875215
0.060499999999999 11.4798897076374
0.0609999999999989 11.4659991122195
0.061499999999999 11.5924999638551
0.0619999999999991 11.7065516655837
0.062499999999999 11.682514638687
0.062999999999999 11.6722371823618
0.0634999999999991 11.7721876600521
0.063999999999999 11.9139408641822
0.064499999999999 12.0278006213956
0.0649999999999991 12.0368964330254
0.065499999999999 12.0261906854195
0.0659999999999989 12.1089570362301
0.066499999999999 12.1655291981289
0.066999999999999 12.1952769073634
0.0674999999999989 12.3168709362051
0.067999999999999 12.3265274848736
0.068499999999999 12.3899010139041
0.068999999999999 12.3039406825385
0.069499999999999 12.3717183592017
0.0699999999999991 12.4476681076852
0.070499999999999 12.4964843602387
0.070999999999999 12.5982845275407
0.0714999999999991 12.6052925978133
0.071999999999999 12.6693443051477
0.0724999999999989 12.6672249955889
0.072999999999999 12.6213430500563
0.073499999999999 12.6794741614148
0.0739999999999989 12.7129256982648
0.074499999999999 12.7622882923506
0.074999999999999 12.8334679656109
0.0754999999999989 12.8216477023872
0.075999999999999 12.7799835837887
0.0764999999999991 12.8809447117182
0.076999999999999 12.9891632747735
0.077499999999999 13.042621798318
0.0779999999999991 13.0013558847153
0.078499999999999 12.8754932532192
0.0789999999999989 12.8692468798571
0.0794999999999989 12.8558474029851
0.079999999999999 12.9028296500899
0.0804999999999989 12.8413356013106
0.080999999999999 12.983404056975
0.081499999999999 13.0364553531355
0.0819999999999989 12.940748432686
0.082499999999999 12.9593868275286
0.0829999999999991 12.8173625715354
0.083499999999999 12.9319970205315
0.083999999999999 12.7681235675498
0.0844999999999991 12.751267584395
0.084999999999999 12.6506164126068
0.0854999999999989 12.5173526751906
0.0859999999999989 12.4223162573654
0.086499999999999 12.2764251939447
0.0869999999999989 12.0728165076439
0.087499999999999 11.8343893118099
0.087999999999999 11.692898472945
0.0884999999999989 11.6203519400775
0.088999999999999 11.462826389737
0.0894999999999991 11.5706042320517
0.089999999999999 11.5344017259946
0.090499999999999 11.512096185857
0.0909999999999991 11.5125924182445
0.091499999999999 11.6019395922544
0.0919999999999989 11.7270443458623
0.0924999999999989 11.6897410938704
0.092999999999999 11.6203571608948
0.0934999999999989 11.5897224150119
0.093999999999999 11.6033344902897
0.094499999999999 11.5285127449303
0.0949999999999989 11.603701641587
0.095499999999999 11.6005898072621
0.095999999999999 11.5583523933111
0.0964999999999989 11.5681498047293
0.0969999999999988 11.4894580977826
0.0974999999999991 11.4867802695223
0.097999999999999 11.3509376290152
0.0984999999999989 11.4239084350307
0.0989999999999991 11.4469267670236
0.099499999999999 11.4167811537297
0.0999999999999989 11.4121269407082
0.100499999999999 11.5101567724738
0.100999999999999 11.3934376787113
0.101499999999999 11.1562155859815
0.101999999999999 11.1346432611227
0.102499999999999 10.9101697682338
0.102999999999999 10.8290081391107
0.103499999999999 10.8433832694873
0.103999999999999 10.8215176753471
0.104499999999999 10.8388123116268
0.104999999999999 10.7627107901946
0.105499999999999 10.9438755554622
0.105999999999999 11.0089734527223
0.106499999999999 11.1390395947906
0.106999999999999 11.0717589338024
0.107499999999999 11.0586471442285
0.107999999999999 11.035219602553
0.108499999999999 11.0643053755943
0.108999999999999 10.9519226495005
0.109499999999999 10.9516938988102
0.109999999999999 10.8566369446779
0.110499999999999 10.9920721433441
0.110999999999999 11.1215499994368
0.111499999999999 11.0645674720438
0.111999999999999 11.0863818855778
0.112499999999999 11.0076553495609
0.112999999999999 11.0809928589386
0.113499999999999 11.1620711957478
0.113999999999999 11.2311281854979
0.114499999999999 11.1378858487997
0.114999999999999 10.976787932603
0.115499999999999 10.8974457298637
0.115999999999999 11.1246216426118
0.116499999999999 11.1890340029608
0.116999999999999 11.2557642041346
0.117499999999999 11.2152510923199
0.117999999999999 11.1897595388697
0.118499999999999 11.2067076979627
0.118999999999999 11.1858141618296
0.119499999999999 11.233670304512
0.119999999999999 11.2634603279611
0.120499999999999 11.1458907592729
0.120999999999999 11.1690692371007
0.121499999999999 11.2403200880069
0.121999999999999 11.2849044770876
0.122499999999999 11.3670312746273
0.122999999999999 11.3694842923857
0.123499999999999 11.3155082376498
0.123999999999999 11.3006805197885
0.124499999999999 11.2487619439996
0.124999999999999 11.2853191951088
0.125499999999999 11.3624381709004
0.125999999999999 11.4729511658986
0.126499999999999 11.4457314755234
0.126999999999999 11.3846078207899
0.127499999999999 11.4204022244897
0.127999999999999 11.3965051861909
0.128499999999999 11.4181808766807
0.128999999999999 11.4879699504406
0.129499999999999 11.3862889783309
0.129999999999999 11.4040836154083
0.130499999999999 11.4047040035572
0.130999999999999 11.4328071631893
0.131499999999999 11.5073747367487
0.131999999999999 11.5015960124652
0.132499999999999 11.5050351642164
0.132999999999999 11.5263929963056
0.133499999999999 11.6035710525201
0.133999999999999 11.5172168534786
0.134499999999999 11.4067210802655
0.134999999999999 11.3868820424913
0.135499999999999 11.413143750453
0.135999999999999 11.5138514473391
0.136499999999999 11.6865561827881
0.136999999999999 11.7049569550958
0.137499999999999 11.6535616672891
0.137999999999999 11.531699016775
0.138499999999999 11.4771197122368
0.138999999999999 11.6018792599728
0.139499999999999 11.6881375655795
0.139999999999999 11.601878610846
0.140499999999999 11.5986089761094
0.140999999999999 11.5082792498471
0.141499999999999 11.5819102554676
0.141999999999999 11.7667984583277
0.142499999999999 11.7663125674295
0.142999999999999 11.7724982657845
0.143499999999999 11.702707294996
0.143999999999999 11.5612478344479
0.144499999999999 11.6399710584772
0.144999999999999 11.7316843765937
0.145499999999999 11.7346405481219
0.145999999999999 11.7943205369279
0.146499999999999 11.8266218665296
0.146999999999999 11.7632234844956
0.147499999999999 11.7919282628498
0.147999999999999 11.7731646881885
0.148499999999999 11.7450789569972
0.148999999999999 11.7986638624547
0.149499999999999 11.8196437221129
0.149999999999999 11.7730121793165
